MATH 446: Project 02
Written by Zachary Ferguson

f(x) = 3*x^3 - 7*x^2 + 3*x - e^x + 2 = 0

g1(x) = (e^x - 2) / (3x^2 - 7x + 3) = x
r = -0.247896
e_(i+1)/e_i = 0.2690342181
n = 17
r1 = -0.2478963963

g2(x) = (3*x^4 - 7*x^3 + 3*x^2 + 2*x) / e^x = x
r = 0.626169
e_(i+1)/e_i = 0.3752496237
n = 22
r2 = 0.6261694387

g3(x) = ((-7*x^2 + 3*x - e^x + 2) / -3.0)^(1/3) = x
r = 2.462222
e_(i+1)/e_i = 0.7917836336
n = 84
r3 = 2.4622224868

g4(x) = ln(3*x^3 - 7*x^2 + 3*x + 2) = x
r = 6.073054
e_(i+1)/e_i = 0.5758353631
n = 34
r4 = 6.0730540924
